LG
Liga
	8194, 4282, 482, 1746, 454, 630, 482, 634, 
	462, 650, 454, 1746, 478, 634, 482, 606, 
	502, 610, 482, 634, 454, 630, 506, 610, 
	478, 634, 478, 610, 502, 610, 478, 634, 
	478, 610, 482, 630, 478, 1722, 506, 1722, 
	478, 610, 478, 634, 478, 1722, 482, 630, 
	478, 634, 458, 1742, 482, 634, 454, 1746, 
	454, 658, 454, 1000
	
Desliga
	8266, 4258, 458, 1742, 482, 630, 482, 634, 
	478, 610, 502, 1702, 498, 610, 478, 634, 
	478, 634, 478, 1702, 502, 1718, 506, 610, 
	478, 634, 478, 610, 502, 610, 478, 634, 
	478, 610, 502, 610, 478, 634, 454, 634, 
	478, 634, 454, 662, 478, 1702, 470, 662, 
	454, 1726, 474, 658, 454, 634, 478, 638, 
	450, 1750, 474, 1000

Desumidifica
	8238, 4238, 566, 1662, 538, 598, 514, 574, 
	542, 570, 514, 1666, 558, 574, 514, 602, 
	510, 574, 538, 578, 510, 602, 510, 578, 
	534, 578, 506, 606, 506, 582, 534, 578, 
	506, 610, 502, 582, 530, 586, 502, 1674, 
	522, 1706, 498, 610, 502, 1702, 498, 614, 
	498, 594, 494, 618, 494, 1706, 494, 1706, 
	522, 1706, 494, 1000
=======================================================
Electrolux
Liga
	4278, 4378, 494, 1634, 490, 618, 470, 1634, 
	490, 1634, 494, 618, 470, 618, 470, 1634, 
	490, 618, 470, 618, 474, 1630, 494, 618, 
	470, 618, 470, 1634, 490, 1634, 494, 614, 
	474, 1634, 490, 618, 470, 618, 470, 1634, 
	494, 1630, 494, 1634, 490, 1634, 494, 1630, 
	494, 1634, 490, 1634, 490, 1634, 494, 618, 
	470, 618, 470, 618, 470, 618, 470, 618, 
	474, 614, 474, 614, 474, 1634, 490, 1634, 
	490, 618, 474, 614, 474, 618, 470, 618, 
	470, 618, 470, 1634, 490, 618, 470, 618, 
	474, 1630, 494, 1634, 490, 1634, 490, 1634, 
	490, 1638, 490, 5238, 4274, 4382, 490, 1634, 
	490, 618, 470, 1638, 490, 1634, 490, 618, 
	470, 618, 470, 1638, 486, 602, 490, 598, 
	490, 1634, 490, 602, 490, 614, 474, 1634, 
	490, 1634, 490, 618, 474, 1634, 490, 614, 
	474, 618, 470, 1634, 490, 1634, 494, 1634, 
	490, 1634, 490, 1634, 494, 1630, 494, 1634, 
	490, 1634, 490, 618, 474, 614, 474, 614, 
	474, 614, 474, 614, 474, 614, 474, 618, 
	470, 1634, 490, 1638, 486, 618, 470, 622, 
	470, 618, 470, 618, 470, 618, 470, 1638, 
	486, 618, 470, 618, 470, 1642, 470, 1670, 
	446, 1682, 442, 1682, 442, 1682, 442, 1000

Desliga
	4278, 4378, 494, 1634, 490, 618, 470, 1634, 
	494, 1630, 494, 618, 470, 618, 470, 1634, 
	490, 618, 470, 618, 474, 1630, 494, 618, 
	470, 618, 470, 1634, 494, 1630, 494, 618, 
	470, 1630, 494, 618, 470, 1634, 494, 1630, 
	494, 1634, 490, 1634, 494, 618, 470, 1630, 
	494, 1634, 494, 1630, 494, 618, 470, 618, 
	470, 618, 470, 618, 470, 1634, 494, 614, 
	474, 618, 470, 1630, 494, 1634, 490, 1634, 
	494, 618, 470, 618, 470, 618, 470, 618, 
	470, 618, 470, 618, 474, 614, 474, 618, 
	470, 1634, 490, 1634, 490, 1634, 494, 1634, 
	490, 1634, 490, 5238, 4274, 4382, 490, 1634, 
	490, 622, 470, 1634, 490, 1634, 490, 618, 
	474, 614, 474, 1630, 494, 618, 470, 618, 
	470, 1634, 490, 622, 470, 618, 470, 1634, 
	490, 1634, 490, 618, 474, 1630, 494, 618, 
	474, 1630, 490, 1634, 490, 1638, 490, 1634, 
	490, 618, 474, 1630, 494, 1634, 490, 1634, 
	490, 618, 474, 614, 474, 614, 474, 614, 
	474, 1634, 490, 618, 470, 618, 474, 1630, 
	494, 1634, 490, 1634, 490, 618, 470, 618, 
	470, 618, 474, 614, 474, 614, 474, 614, 
	474, 618, 470, 618, 470, 1638, 486, 1638, 
	486, 1638, 490, 1638, 486, 1638, 486, 1000

Desumidifica
	170, 6498, 4262, 4394, 482, 1642, 482, 606, 
	482, 1646, 478, 1646, 454, 634, 458, 630, 
	458, 1670, 478, 610, 478, 610, 454, 1670, 
	458, 630, 458, 634, 454, 1654, 470, 1654, 
	474, 638, 450, 1654, 470, 642, 446, 642, 
	450, 638, 450, 1654, 494, 1630, 470, 1654, 
	470, 1654, 478, 1650, 530, 1594, 538, 1590, 
	538, 1586, 538, 574, 514, 574, 514, 574, 
	514, 574, 518, 570, 518, 1586, 538, 1586, 
	538, 574, 518, 570, 518, 570, 518, 1586, 
	538, 574, 514, 574, 514, 554, 534, 554, 
	534, 1590, 534, 1590, 534, 1590, 538, 550, 
	534, 1594, 530, 1594, 530, 5198, 4282, 4374, 
	502, 1626, 498, 590, 498, 1626, 498, 1630, 
	478, 610, 494, 594, 470, 1654, 474, 614, 
	474, 614, 474, 1654, 470, 618, 470, 622, 
	466, 1654, 470, 1658, 470, 618, 470, 1654, 
	470, 618, 470, 622, 466, 622, 466, 1658, 
	470, 1654, 470, 1658, 466, 1658, 466, 1662, 
	466, 1658, 466, 1662, 462, 1662, 462, 646, 
	446, 642, 446, 642, 446, 642, 446, 642, 
	446, 1682, 442, 1682, 442, 646, 446, 642, 
	446, 646, 442, 1682, 442, 646, 442, 646, 
	442, 650, 438, 650, 438, 1686, 442, 1682, 
	442, 1686, 438, 650, 438, 1690, 434, 1690, 
	434, 1000

=======================================================
Elgin
Liga
	5966, 7406, 462, 1714, 498, 1682, 498, 1682, 
	494, 1686, 490, 1686, 494, 1686, 490, 1702, 
	498, 1682, 410, 698, 490, 634, 470, 654, 
	458, 654, 486, 638, 490, 630, 486, 642, 
	494, 614, 490, 1690, 490, 1706, 470, 1706, 
	490, 1690, 466, 1714, 382, 1774, 474, 1702, 
	506, 1674, 482, 666, 434, 670, 438, 690, 
	486, 638, 450, 678, 490, 614, 486, 642, 
	458, 666, 438, 1718, 402, 1774, 450, 1750, 
	462, 1714, 470, 1706, 494, 1686, 494, 1682, 
	494, 1686, 518, 606, 470, 654, 434, 694, 
	462, 642, 494, 630, 502, 626, 438, 674, 
	490, 630, 498, 1682, 494, 630, 466, 1710, 
	466, 662, 438, 1738, 434, 678, 490, 1686, 
	478, 1718, 434, 674, 490, 1686, 490, 638, 
	490, 1686, 494, 630, 494, 1686, 490, 614, 
	454, 694, 470, 638, 486, 1674, 502, 618, 
	514, 1686, 486, 1670, 510, 614, 478, 1702, 
	510, 1686, 490, 1670, 506, 638, 454, 1702, 
	506, 642, 434, 674, 482, 1698, 478, 646, 
	482, 642, 454, 674, 434, 1742, 434, 674, 
	478, 1698, 482, 646, 478, 1698, 478, 650, 
	454, 670, 430, 1746, 430, 678, 478, 1702, 
	450, 674, 454, 1722, 454, 674, 454, 1722, 
	458, 1722, 454, 7442, 454, 1000
	
Desliga
	5962, 7406, 498, 1662, 542, 1642, 534, 1662, 
	490, 1690, 486, 1690, 486, 1710, 494, 1682, 
	442, 1734, 442, 670, 462, 658, 466, 662, 
	430, 698, 462, 642, 490, 634, 458, 670, 
	438, 670, 490, 1690, 490, 1702, 442, 1738, 
	434, 1742, 434, 1742, 434, 1746, 458, 1718, 
	498, 1682, 494, 630, 434, 674, 458, 670, 
	486, 638, 458, 670, 434, 674, 482, 638, 
	490, 618, 450, 1746, 430, 1750, 454, 1722, 
	486, 1690, 486, 1694, 482, 1698, 478, 1702, 
	478, 1698, 450, 674, 482, 642, 454, 674, 
	434, 674, 478, 646, 454, 674, 426, 678, 
	478, 646, 482, 1698, 458, 1722, 478, 1698, 
	478, 646, 458, 1722, 454, 670, 430, 1750, 
	454, 1722, 458, 670, 426, 678, 454, 674, 
	454, 1722, 454, 674, 450, 1726, 454, 674, 
	426, 678, 450, 678, 450, 1726, 450, 678, 
	450, 1726, 450, 1730, 450, 678, 422, 1754, 
	426, 1754, 446, 1730, 446, 682, 422, 1754, 
	422, 706, 422, 682, 446, 1734, 442, 706, 
	418, 710, 394, 710, 418, 1758, 418, 690, 
	438, 1738, 438, 710, 418, 1762, 418, 710, 
	390, 710, 418, 1786, 390, 714, 414, 1762, 
	418, 710, 414, 1762, 418, 710, 418, 1758, 
	418, 1758, 418, 7482, 414, 1000
	
Desumidifica
166, 2422, 5966, 7410, 462, 1718, 494, 1686, 
	490, 1686, 494, 1686, 518, 1662, 514, 1666, 
	486, 1690, 486, 1710, 494, 614, 490, 630, 
	462, 666, 442, 666, 490, 634, 494, 634, 
	382, 726, 490, 630, 498, 1686, 490, 1686, 
	490, 1690, 486, 1690, 490, 1710, 462, 1714, 
	466, 1710, 466, 1710, 386, 726, 466, 658, 
	490, 634, 458, 670, 418, 690, 486, 634, 
	466, 662, 466, 642, 490, 1690, 490, 1686, 
	438, 1738, 442, 1738, 482, 1694, 458, 1722, 
	458, 1738, 434, 1722, 486, 666, 458, 650, 
	490, 610, 518, 610, 458, 670, 490, 614, 
	514, 614, 450, 678, 490, 1686, 454, 654, 
	510, 1670, 510, 610, 518, 1662, 514, 610, 
	454, 674, 494, 1682, 458, 654, 510, 1666, 
	514, 606, 518, 1662, 518, 610, 450, 1726, 
	482, 1698, 478, 646, 458, 654, 510, 1686, 
	494, 1686, 490, 614, 514, 1662, 514, 1666, 
	514, 610, 514, 1666, 510, 1666, 510, 614, 
	478, 654, 454, 1722, 454, 654, 506, 618, 
	510, 1666, 510, 618, 450, 674, 490, 1690, 
	454, 654, 502, 1678, 498, 622, 506, 1674, 
	502, 622, 450, 678, 482, 1698, 450, 658, 
	498, 1698, 478, 626, 478, 1702, 474, 650, 
	474, 1706, 470, 1706, 478, 7442, 478, 1000
====================================================
Midea
Liga
	4302, 4486, 482, 1694, 486, 606, 462, 1722, 
	482, 1694, 482, 610, 482, 610, 482, 1694, 
	482, 614, 478, 618, 482, 1698, 482, 610, 
	482, 610, 458, 1718, 482, 1694, 482, 614, 
	478, 1702, 458, 638, 458, 634, 458, 1726, 
	454, 1722, 454, 1722, 458, 1718, 458, 1718, 
	458, 1722, 458, 1726, 454, 1722, 458, 634, 
	454, 642, 430, 662, 454, 638, 454, 638, 
	458, 638, 434, 658, 458, 1718, 462, 1718, 
	462, 630, 486, 606, 486, 610, 458, 634, 
	486, 606, 462, 1718, 486, 610, 482, 610, 
	482, 1694, 482, 1694, 486, 1690, 486, 1694, 
	482, 1694, 454, 5302, 4330, 4442, 454, 1722, 
	454, 638, 454, 1726, 454, 1726, 450, 642, 
	450, 642, 454, 1722, 454, 642, 450, 646, 
	450, 1730, 450, 642, 450, 642, 450, 1726, 
	450, 1730, 446, 646, 450, 1730, 450, 646, 
	450, 642, 450, 1730, 450, 1726, 450, 1730, 
	446, 1730, 446, 1730, 450, 1730, 446, 1738, 
	446, 1730, 446, 646, 446, 646, 446, 650, 
	446, 646, 446, 646, 446, 650, 442, 654, 
	442, 1734, 442, 1734, 442, 650, 442, 650, 
	442, 654, 438, 654, 438, 654, 442, 1738, 
	438, 654, 438, 658, 434, 1742, 438, 1738, 
	438, 1738, 438, 1738, 438, 1742, 438, 1000
	
Desliga
4346, 4430, 450, 1730, 450, 666, 446, 1710, 
	450, 1726, 450, 666, 426, 666, 430, 1726, 
	450, 666, 430, 666, 426, 1730, 454, 670, 
	446, 638, 458, 1698, 478, 1718, 462, 634, 
	458, 1722, 486, 610, 482, 1694, 486, 1690, 
	486, 1694, 482, 1694, 482, 610, 482, 1698, 
	482, 1698, 482, 1698, 482, 614, 482, 610, 
	482, 610, 454, 638, 454, 1722, 458, 638, 
	454, 638, 454, 1730, 454, 1722, 454, 1722, 
	454, 638, 454, 638, 454, 642, 454, 638, 
	474, 618, 454, 642, 454, 638, 454, 642, 
	450, 1730, 450, 1726, 450, 1730, 450, 1726, 
	450, 1730, 446, 5330, 4298, 4474, 450, 1730, 
	446, 646, 446, 1734, 446, 1730, 446, 646, 
	446, 650, 442, 1734, 446, 646, 446, 650, 
	446, 1734, 446, 650, 442, 650, 442, 1734, 
	442, 1734, 446, 650, 442, 1738, 442, 654, 
	442, 1738, 438, 1738, 438, 1738, 438, 1766, 
	410, 682, 410, 1770, 414, 1766, 410, 1774, 
	410, 682, 410, 682, 410, 682, 414, 678, 
	414, 1762, 414, 682, 410, 686, 410, 1770, 
	414, 1766, 410, 1766, 410, 682, 414, 678, 
	414, 682, 410, 682, 410, 682, 414, 682, 
	414, 678, 414, 678, 414, 1770, 410, 1766, 
	414, 1762, 414, 1766, 410, 1770, 410, 1000

Desumidifica(liga) a fim de conferência
4350, 4406, 454, 1722, 454, 638, 454, 1726, 
	454, 1726, 450, 642, 450, 642, 450, 1726, 
	450, 646, 450, 642, 454, 1726, 454, 638, 
	454, 642, 450, 1726, 450, 1726, 450, 642, 
	450, 1730, 454, 642, 454, 638, 454, 638, 
	454, 1722, 454, 1722, 454, 1726, 450, 1726, 
	474, 1702, 454, 1730, 454, 1722, 478, 1698, 
	454, 642, 474, 618, 478, 614, 478, 638, 
	454, 614, 482, 1698, 482, 1694, 482, 614, 
	478, 614, 478, 614, 478, 1702, 478, 614, 
	482, 614, 478, 614, 482, 614, 478, 1698, 
	482, 1694, 482, 1694, 486, 610, 506, 1674, 
	506, 1670, 450, 5330, 4358, 4410, 510, 1666, 
	510, 586, 506, 1674, 510, 1666, 510, 582, 
	510, 582, 510, 1666, 510, 586, 510, 582, 
	510, 1670, 510, 582, 510, 586, 506, 1670, 
	506, 1670, 506, 586, 506, 1678, 502, 590, 
	502, 590, 502, 590, 502, 1674, 502, 1674, 
	502, 1678, 474, 1702, 474, 1706, 498, 1682, 
	474, 1702, 478, 1698, 478, 614, 478, 618, 
	474, 618, 474, 618, 474, 618, 474, 1706, 
	474, 1702, 474, 618, 474, 622, 470, 622, 
	470, 1710, 470, 622, 470, 622, 474, 622, 
	470, 622, 470, 1710, 470, 1710, 466, 1710, 
	466, 646, 450, 1730, 446, 1734, 446, 1000

Desumidifica(desliga) a fim de conferência
4358, 4434, 450, 1726, 454, 638, 454, 1730, 
	450, 1726, 454, 638, 454, 642, 450, 1726, 
	454, 642, 450, 646, 450, 1730, 454, 638, 
	454, 642, 450, 1722, 454, 1726, 454, 638, 
	454, 1730, 454, 642, 454, 1722, 454, 1726, 
	450, 1726, 470, 1706, 474, 642, 450, 1710, 
	474, 1706, 474, 1706, 478, 638, 454, 638, 
	454, 638, 454, 638, 454, 1702, 474, 638, 
	454, 642, 454, 1710, 474, 1722, 454, 1702, 
	474, 642, 454, 638, 454, 638, 454, 618, 
	478, 638, 454, 618, 478, 618, 474, 618, 
	478, 1702, 502, 1674, 482, 1698, 482, 1694, 
	502, 1678, 470, 5310, 4326, 4446, 478, 1702, 
	474, 618, 474, 1706, 474, 1702, 478, 618, 
	470, 622, 474, 1702, 474, 622, 474, 618, 
	474, 1710, 470, 622, 474, 618, 474, 1702, 
	474, 1706, 470, 622, 474, 1710, 470, 626, 
	470, 1706, 470, 1706, 474, 1706, 470, 1706, 
	470, 622, 470, 1714, 466, 1734, 446, 1734, 
	450, 646, 446, 646, 446, 646, 446, 646, 
	450, 1730, 446, 646, 446, 646, 446, 1738, 
	446, 1734, 446, 1730, 446, 646, 446, 646, 
	446, 650, 442, 646, 446, 650, 446, 650, 
	442, 650, 446, 646, 446, 1738, 442, 1734, 
	442, 1738, 438, 1738, 442, 1738, 438, 1000
===============================================
